10 10
       44       50        1       17        6     30       19       55       40       29
       31       23        7       20       39     60       57       39       21       44
       39       12       19       14       39     62       58       46        9       50    
        9       54       36       10        7     42       40       27       33       17
       56        1       40       63       21     15       60       15       55       17
       59       30       29       14       45      4       12       39       50       21
       26       60       11       62        6     19       41       47       46       10
        0       38       11       40       38     33       55       34       48       46
       51       43       13       16       57     58       20        5       33        7
       26       59        3       38       58      9       57       35       56       39
